Renewable energy total consumption.                         Billion Btu
    StateCode                 Base         FactorChange                  New  BaseProportionOfTotal  NewProportionOfTotal  ChangeCompositionOfProportion        BasePerCapita         NewPerCapita      ChangePerCapita  PercChangePerCapita
0         AL          253,287.000                1.069          270,793.000                  0.031                 0.035                          0.004                0.063                0.056               -0.007              -10.797
1         AR          110,505.000                1.102          121,730.000                  0.152                 0.142                         -0.010                0.200                0.165               -0.035              -17.456
2         AZ           94,753.000                1.556          147,409.000                  0.129                 0.115                         -0.014                0.026                0.022               -0.004              -15.939
3         CA          672,951.000                1.272          855,828.000                  0.101                 0.102                          0.001                0.286                0.287                0.002                0.656
4         CO           27,106.000                4.719          127,911.000                  0.090                 0.111                          0.021                0.001                0.003                0.002              262.566
5         CT           34,712.000                1.174           40,738.000                  0.029                 0.086                          0.057                0.010                0.007               -0.003              -28.753
6         DE            1,653.000                4.747            7,847.000                  0.045                 0.054                          0.009                0.001                0.002                0.002              335.915
7         FL          199,621.000                1.507          300,790.000                  0.006                 0.028                          0.022                0.298                0.319                0.021                6.945
8         GA          236,225.000                1.254          296,226.000                  0.061                 0.071                          0.010                0.018                0.015               -0.003              -19.272
9         HI           27,937.000                1.032           28,830.000                  0.106                 0.104                         -0.002                0.004                0.003               -0.001              -34.100
10        IA           74,025.000                5.584          413,344.000                  0.087                 0.102                          0.015                0.067                0.290                0.224              336.128
11        ID          119,701.000                1.198          143,396.000                  0.078                 0.277                          0.198                0.118                0.087               -0.032              -26.659
12        IL          102,981.000                2.444          251,670.000                  0.295                 0.273                         -0.022                0.009                0.020                0.011              118.003
13        IN           60,812.000                2.747          167,061.000                  0.029                 0.064                          0.035                0.011                0.025                0.014              130.890
14        KS           13,869.000               10.662          147,866.000                  0.024                 0.059                          0.034                0.005                0.047                0.042              849.711
15        KY           53,391.000                1.644           87,783.000                  0.013                 0.137                          0.124                0.022                0.030                0.009               40.321
16        LA          125,516.000                1.169          146,766.000                  0.036                 0.051                          0.014                0.034                0.033               -0.001               -2.386
17        MA           65,263.000                1.258           82,074.000                  0.033                 0.034                          0.002                0.015                0.018                0.002               13.719
18        MD           50,546.000                1.487           75,157.000                  0.046                 0.057                          0.010                0.041                0.057                0.016               37.838
19        ME          151,630.000                0.976          147,971.000                  0.040                 0.054                          0.014                0.032                0.025               -0.007              -21.865
20        MI          102,166.000                1.976          201,880.000                  0.332                 0.365                          0.033                0.017                0.030                0.013               75.434
21        MN           60,972.000                4.201          256,129.000                  0.036                 0.073                          0.037                0.007                0.026                0.019              294.367
22        MO           43,149.000                2.223           95,915.000                  0.044                 0.145                          0.101                0.010                0.017                0.008               78.009
23        MS           84,868.000                0.854           72,502.000                  0.029                 0.053                          0.023                0.033                0.024               -0.009              -26.289
24        MT          123,371.000                0.972          119,888.000                  0.082                 0.064                         -0.018                0.024                0.020               -0.004              -17.969
25        NC          168,721.000                1.200          202,387.000                  0.355                 0.306                         -0.049                0.211                0.196               -0.015               -7.013
26        ND           21,154.000                5.232          110,685.000                  0.082                 0.080                         -0.002                0.013                0.058                0.045              337.042
27        NE           19,705.000                8.038          158,382.000                  0.068                 0.182                          0.114                0.016                0.055                0.039              240.290
28        NH           46,824.000                1.255           58,785.000                  0.037                 0.186                          0.148                0.042                0.044                0.002                4.967
29        NJ           26,139.000                3.264           85,323.000                  0.175                 0.193                          0.018                0.003                0.010                0.006              183.604
30        NM            8,718.000                5.069           44,194.000                  0.012                 0.037                          0.026                0.006                0.021                0.016              270.935
31        NV           30,070.000                2.820           84,796.000                  0.015                 0.065                          0.051                0.002                0.004                0.003              157.347
32        NY          390,950.000                1.061          414,769.000                  0.075                 0.131                          0.056                0.059                0.041               -0.017              -29.546
33        OH           79,958.000                1.767          141,322.000                  0.105                 0.111                          0.007                0.125                0.187                0.061               48.961
34        OK           49,914.000                3.948          197,069.000                  0.021                 0.038                          0.017                0.005                0.017                0.012              269.607
35        OR          487,410.000                0.890          434,009.000                  0.036                 0.121                          0.085                0.155                0.111               -0.044              -28.232
36        PA           91,855.000                2.194          201,484.000                  0.498                 0.454                         -0.045                0.032                0.050                0.018               55.861
37        RI            4,499.000                1.637            7,363.000                  0.025                 0.052                          0.027                0.000                0.001                0.000               52.285
38        SC          106,617.000                1.328          141,614.000                  0.021                 0.036                          0.015                0.106                0.134                0.028               26.536
39        SD           44,283.000                2.993          132,530.000                  0.084                 0.086                          0.001                0.013                0.027                0.014              114.051
40        TN          165,010.000                1.144          188,695.000                  0.204                 0.346                          0.142                0.237                0.220               -0.017               -7.104
41        TX          117,290.000                5.553          651,254.000                  0.092                 0.087                         -0.005                0.024                0.099                0.075              312.039
42        US        6,041,883.000                1.531        9,252,840.000                  0.011                 0.050                          0.039                0.354                0.337               -0.017               -4.769
43        UT           10,778.000                2.832           30,521.000                  0.071                 0.095                          0.024                0.006                0.010                0.004               63.886
44        VA          105,874.000                1.543          163,343.000                  0.020                 0.039                          0.018                0.187                0.261                0.074               39.247
45        VT           19,484.000                1.687           32,860.000                  0.054                 0.069                          0.015                0.003                0.004                0.001               25.299
46        WA        1,004,696.000                0.869          873,275.000                  0.154                 0.249                          0.094                0.205                0.122               -0.083              -40.480
47        WI          103,244.000                1.620          167,282.000                  0.491                 0.439                         -0.052                0.058                0.091                0.033               57.801
48        WV           18,512.000                2.782           51,504.000                  0.070                 0.094                          0.025                0.004                0.009                0.005              136.593
49        WY            9,529.000                5.082           48,425.000                  0.026                 0.066                          0.040                0.021                0.082                0.062              293.043
50        US        6,041,883.000                1.531        9,252,840.000                  0.024                 0.092                          0.069                0.024                0.029                0.005               19.130
